1.0     3.3306690738754696e-16
0.9996664241851196     6.620546325231125e-05
0.9986661418317758     0.00026504874868649164
0.997000487619973     0.0005971906179185194
0.9946716840375551     0.0010636667945843614
0.991682838414733     0.0016657926624640274
0.9880379387779635     0.002405035746202433
0.9837418485287126     0.0032828615800197802
0.9788002999542029     0.004300559759535361
0.9732198865788046     0.005459057876367912
0.967008054366274     0.006758731616231417
0.9601730917845797     0.008199219533892022
0.9527241187465734     0.009779250892175906
0.9446710744412594     0.011496494471706198
0.9360247040719039     0.013347435442351507
0.9267965445186732     0.015327286269771978
0.9169989089449389     0.017429936256667333
0.9066448703677827     0.019647942745019353
0.895748244214627     0.021972565297733837
0.884323569889266     0.02439384240646386
0.8723860913718908     0.026900708510663895
0.8599517368789978     0.029481147434588295
0.8470370976103168     0.032122376824275434
0.8336594056111197     0.03481105685975305
0.8198365107794456     0.03753351548409539
0.8055868570489246     0.040275981674898514
0.7909294577789763     0.04302481791648949
0.775883870385223     0.045766743029820034
0.7604701702439651     0.04848903688340728
0.7447089239055427     0.051179719229710346
0.7286211616523193     0.05382769595892076
0.7122283494379075     0.05642286739477098
0.6955523602450779     0.05895619482098778
0.6786154449005664     0.06141972315903102
0.6614402023857231     0.06380655954704166
0.6440495496826186     0.06611080942133937
0.6264666911958403     0.06832747349885063
0.6087150877907784     0.07045231072680488
0.5908184254897182     0.07248167373496281
0.5728005838675023     0.07441232453339686
0.5546856041889371     0.07624123909350623
0.5364976573304536     0.07796540999213797
0.5182610115288293     0.07958165646313957
0.49999999999999994     0.08108645097741929
0.48173898847117047     0.08247577086742072
0.46350234266954615     0.08374498254626245
0.44531439581106275     0.08488876458191552
0.4271994161324975     0.08590107432245037
0.40918157451028175     0.08677516099087218
0.3912849122092214     0.0875036262478098
0.3735333088041596     0.08807853123409762
0.35595045031738115     0.08849154713315222
0.33855979761427685     0.08873414441511863
0.32138455509943353     0.0887978142180212
0.3044476397549219     0.08867431385629607
0.2877716505620923     0.08835592728564812
0.27137883834768073     0.08783573054501173
0.2552910760944571     0.08710785177759456
0.23952982975603487     0.08616771542433761
0.224116129614777     0.08501226058919945
0.20907054222102345     0.08364012438452932
0.1944131429510753     0.08205178224835452
0.18016348922055425     0.08024963874048179
0.16634059438888027     0.07823806411422296
0.15296290238968302     0.0760233739573058
0.14004826312100194     0.07361375132245407
0.127613908628109     0.07101911294284707
0.11567643011073386     0.06825092326537922
0.10425175578537293     0.06532196205139412
0.09335512963221726     0.062246053110622625
0.08300109105506093     0.05903776327705521
0.07320345548132678     0.05571208194330797
0.06397529592809614     0.05228409229336417
0.05532892555874058     0.04876864577778456
0.04727588125342669     0.045180051342166815
0.03982690821542023     0.04153179044736061
0.03299194563372598     0.037836268024340494
0.026780113421195295     0.034104608219913325
0.021199700045796965     0.03034650215911058
0.01625815147128734     0.026570113037259518
0.011962061222036413     0.022782041731591884
0.008317161585266963     0.018987353869483557
0.005328315962444874     0.015189666993935657
0.0029995123800270473     0.011391294214558909
0.001333858168224178     0.0075934386104527
0.00033357581488030474     0.003796430741483673
0.0     0.0
0.00031858717150418103     -0.0037054358240526763
0.0012739426948732424     -0.007383337067117677
0.0028648491140513266     -0.011006742322815025
0.005089279059533658     -0.014549818834319658
0.007944397831941952     -0.01798838318560462
0.011426567014420241     -0.021300371333767946
0.015531349109246362     -0.024466243865330178
0.020253513192751316     -0.027469314602879935
0.025587041581340175     -0.030295993335882666
0.03152513750011915     -0.03293593640489426
0.03806023374435663     -0.03538210202489931
0.04518400232274078     -0.03763071047707884
0.052887365070144354     -0.03968111251227043
0.061160505216372174     -0.04153557237850261
0.06999287989614972     -0.0431989746998233
0.0793732335844094     -0.044678466894542995
0.0892896124397542     -0.04598305084176867
0.0997293795378198     -0.04712313901606962
0.11067923097512244     -0.04811009126073803
0.12212521282287087     -0.04895574873069808
0.13405273890913727     -0.04967198129886663
0.1464466094067262     -0.05027026389892439
0.15929103020305446     -0.050761295908678256
0.17256963302735745     -0.05115467581711857
0.186265496309574     -0.05145864113832622
0.20036116674432652     -0.05167988092493883
0.21483868153251795     -0.05182342539288529
0.22967959127220117     -0.05189261420523857
0.2448649834695502     -0.051889141987700234
0.26037550663997155     -0.051813176772271125
0.27619139496864376     -0.05166354439527132
0.2922924934990568     -0.05143796950860094
0.3086582838174551     -0.05113336188429631
0.32526791020045076     -0.05074613517196957
0.3421002061924875     -0.05027254425866517
0.35913372157928514     -0.04970902691331353
0.37634674972289217     -0.049052535484785324
0.3937173552235117     -0.048300845053909254
0.4112234018728484     -0.047452825585489924
0.42884258086335747     -0.04650866723682465
0.4465524392174436     -0.0454700499876923
0.4643304084003838     -0.04434025108188827
0.48215383308050974     -0.043124186319340674
0.49999999999999994     -0.04182838391014184
0.5178461669194901     -0.04046089229309922
0.5356695915996161     -0.03903112592742514
0.5534475607825563     -0.03754965548694485
0.5711574191366425     -0.03602795102962192
0.5887765981271517     -0.034478088500736845
0.6062826447764884     -0.032912431289591676
0.6236532502771077     -0.031343299448028716
0.6408662784207149     -0.029782639563925864
0.6578997938075124     -0.028241708153509765
0.6747320897995491     -0.02673078080226604
0.6913417161825448     -0.02525889817436691
0.7077075065009432     -0.023833658472226432
0.7238086050313562     -0.022461064024656502
0.7396244933600284     -0.02114542749165199
0.7551350165304498     -0.01988934078417287
0.7703204087277988     -0.018693707303840346
0.7851613184674819     -0.01755783560897506
0.7996388332556734     -0.016479590208284045
0.8137345036904259     -0.015455592965841924
0.8274303669726425     -0.014481466657007447
0.8407089697969456     -0.013552110619448887
0.8535533905932737     -0.012661997257434332
0.8659472610908627     -0.011805477425157807
0.8778747871771291     -0.010977082462594212
0.8893207690248777     -0.010171810892185107
0.9002706204621802     -0.009385388494687397
0.9107103875602458     -0.008614491636939503
0.9206267664155905     -0.007856925274964621
0.9300071201038502     -0.00711174893918598
0.9388394947836277     -0.006379346148041032
0.9471126349298556     -0.0056614350057074825
0.9548159976772592     -0.004961020126174387
0.9619397662556434     -0.0042822883942501555
0.9684748624998809     -0.0036304533297679686
0.9744129584186598     -0.003011554874760014
0.9797464868072487     -0.0024322231934079674
0.9844686508907536     -0.0018994164913084255
0.9885734329855798     -0.001420143868535062
0.992055602168058     -0.0010011847809132668
0.9949107209404664     -0.0006488167745712925
0.9971351508859486     -0.0003685627777407774
0.9987260573051268     -0.00016496839707702549
0.9996814128284959     -4.1418407918270006e-05
